{
 "cells": [
  {
   "cell_type": "code",
   "execution_count": 1,
   "id": "ae278661",
   "metadata": {},
   "outputs": [],
   "source": [
    "import numpy as np\n",
    "import pandas as pd\n",
    "\n",
    "from scipy.stats import skew, kurtosis\n",
    "from scipy.optimize import minimize"
   ]
  },
  {
   "cell_type": "code",
   "execution_count": 2,
   "id": "9d4b081d",
   "metadata": {},
   "outputs": [
    {
     "data": {
      "text/html": [
       "<div>\n",
       "<style scoped>\n",
       "    .dataframe tbody tr th:only-of-type {\n",
       "        vertical-align: middle;\n",
       "    }\n",
       "\n",
       "    .dataframe tbody tr th {\n",
       "        vertical-align: top;\n",
       "    }\n",
       "\n",
       "    .dataframe thead th {\n",
       "        text-align: right;\n",
       "    }\n",
       "</style>\n",
       "<table border=\"1\" class=\"dataframe\">\n",
       "  <thead>\n",
       "    <tr style=\"text-align: right;\">\n",
       "      <th></th>\n",
       "      <th>APA</th>\n",
       "      <th>BA</th>\n",
       "      <th>BAX</th>\n",
       "      <th>BMY</th>\n",
       "      <th>CMCSA</th>\n",
       "      <th>CNP</th>\n",
       "      <th>CPB</th>\n",
       "      <th>DE</th>\n",
       "      <th>HPQ</th>\n",
       "      <th>JCI</th>\n",
       "      <th>...</th>\n",
       "      <th>NI</th>\n",
       "      <th>PCAR</th>\n",
       "      <th>PSA</th>\n",
       "      <th>SEE</th>\n",
       "      <th>T</th>\n",
       "      <th>TGT</th>\n",
       "      <th>TMO</th>\n",
       "      <th>TXT</th>\n",
       "      <th>VZ</th>\n",
       "      <th>ZION</th>\n",
       "    </tr>\n",
       "    <tr>\n",
       "      <th>Date</th>\n",
       "      <th></th>\n",
       "      <th></th>\n",
       "      <th></th>\n",
       "      <th></th>\n",
       "      <th></th>\n",
       "      <th></th>\n",
       "      <th></th>\n",
       "      <th></th>\n",
       "      <th></th>\n",
       "      <th></th>\n",
       "      <th></th>\n",
       "      <th></th>\n",
       "      <th></th>\n",
       "      <th></th>\n",
       "      <th></th>\n",
       "      <th></th>\n",
       "      <th></th>\n",
       "      <th></th>\n",
       "      <th></th>\n",
       "      <th></th>\n",
       "      <th></th>\n",
       "    </tr>\n",
       "  </thead>\n",
       "  <tbody>\n",
       "    <tr>\n",
       "      <th>2016-01-05</th>\n",
       "      <td>-0.020257</td>\n",
       "      <td>0.004057</td>\n",
       "      <td>0.004035</td>\n",
       "      <td>0.019693</td>\n",
       "      <td>0.000179</td>\n",
       "      <td>0.009305</td>\n",
       "      <td>0.003678</td>\n",
       "      <td>0.005784</td>\n",
       "      <td>0.009483</td>\n",
       "      <td>-0.011953</td>\n",
       "      <td>...</td>\n",
       "      <td>0.015881</td>\n",
       "      <td>0.000212</td>\n",
       "      <td>0.028237</td>\n",
       "      <td>0.009758</td>\n",
       "      <td>0.006987</td>\n",
       "      <td>0.017539</td>\n",
       "      <td>-0.001730</td>\n",
       "      <td>0.002409</td>\n",
       "      <td>0.013735</td>\n",
       "      <td>-0.010857</td>\n",
       "    </tr>\n",
       "    <tr>\n",
       "      <th>2016-01-06</th>\n",
       "      <td>-0.114863</td>\n",
       "      <td>-0.015879</td>\n",
       "      <td>0.002412</td>\n",
       "      <td>-0.017556</td>\n",
       "      <td>-0.007727</td>\n",
       "      <td>-0.012473</td>\n",
       "      <td>-0.001736</td>\n",
       "      <td>-0.011239</td>\n",
       "      <td>-0.035867</td>\n",
       "      <td>-0.009551</td>\n",
       "      <td>...</td>\n",
       "      <td>0.005547</td>\n",
       "      <td>0.000212</td>\n",
       "      <td>0.001592</td>\n",
       "      <td>-0.015647</td>\n",
       "      <td>0.003108</td>\n",
       "      <td>-0.010155</td>\n",
       "      <td>-0.007653</td>\n",
       "      <td>-0.030048</td>\n",
       "      <td>-0.009035</td>\n",
       "      <td>-0.029145</td>\n",
       "    </tr>\n",
       "    <tr>\n",
       "      <th>2016-01-07</th>\n",
       "      <td>-0.051389</td>\n",
       "      <td>-0.041922</td>\n",
       "      <td>-0.016573</td>\n",
       "      <td>-0.027699</td>\n",
       "      <td>-0.011047</td>\n",
       "      <td>-0.019769</td>\n",
       "      <td>-0.012206</td>\n",
       "      <td>-0.008856</td>\n",
       "      <td>-0.046058</td>\n",
       "      <td>-0.025394</td>\n",
       "      <td>...</td>\n",
       "      <td>-0.022066</td>\n",
       "      <td>-0.030310</td>\n",
       "      <td>-0.010411</td>\n",
       "      <td>-0.031557</td>\n",
       "      <td>-0.016148</td>\n",
       "      <td>-0.002700</td>\n",
       "      <td>-0.022845</td>\n",
       "      <td>-0.020570</td>\n",
       "      <td>-0.005492</td>\n",
       "      <td>-0.030019</td>\n",
       "    </tr>\n",
       "    <tr>\n",
       "      <th>2016-01-08</th>\n",
       "      <td>0.002736</td>\n",
       "      <td>-0.022705</td>\n",
       "      <td>-0.016036</td>\n",
       "      <td>-0.025425</td>\n",
       "      <td>0.001098</td>\n",
       "      <td>-0.002241</td>\n",
       "      <td>0.005707</td>\n",
       "      <td>-0.016403</td>\n",
       "      <td>-0.017642</td>\n",
       "      <td>-0.001649</td>\n",
       "      <td>...</td>\n",
       "      <td>-0.001539</td>\n",
       "      <td>-0.011366</td>\n",
       "      <td>-0.007308</td>\n",
       "      <td>-0.001448</td>\n",
       "      <td>0.000896</td>\n",
       "      <td>-0.033839</td>\n",
       "      <td>-0.001117</td>\n",
       "      <td>-0.011386</td>\n",
       "      <td>-0.009719</td>\n",
       "      <td>-0.011254</td>\n",
       "    </tr>\n",
       "    <tr>\n",
       "      <th>2016-01-11</th>\n",
       "      <td>-0.043383</td>\n",
       "      <td>0.001693</td>\n",
       "      <td>-0.016851</td>\n",
       "      <td>-0.010215</td>\n",
       "      <td>0.000915</td>\n",
       "      <td>-0.011791</td>\n",
       "      <td>0.005674</td>\n",
       "      <td>0.005287</td>\n",
       "      <td>0.006616</td>\n",
       "      <td>0.000330</td>\n",
       "      <td>...</td>\n",
       "      <td>0.016435</td>\n",
       "      <td>0.000000</td>\n",
       "      <td>0.009869</td>\n",
       "      <td>-0.001450</td>\n",
       "      <td>0.012224</td>\n",
       "      <td>0.014570</td>\n",
       "      <td>0.005367</td>\n",
       "      <td>-0.004607</td>\n",
       "      <td>0.005800</td>\n",
       "      <td>-0.019919</td>\n",
       "    </tr>\n",
       "  </tbody>\n",
       "</table>\n",
       "<p>5 rows × 25 columns</p>\n",
       "</div>"
      ],
      "text/plain": [
       "                 APA        BA       BAX       BMY     CMCSA       CNP  \\\n",
       "Date                                                                     \n",
       "2016-01-05 -0.020257  0.004057  0.004035  0.019693  0.000179  0.009305   \n",
       "2016-01-06 -0.114863 -0.015879  0.002412 -0.017556 -0.007727 -0.012473   \n",
       "2016-01-07 -0.051389 -0.041922 -0.016573 -0.027699 -0.011047 -0.019769   \n",
       "2016-01-08  0.002736 -0.022705 -0.016036 -0.025425  0.001098 -0.002241   \n",
       "2016-01-11 -0.043383  0.001693 -0.016851 -0.010215  0.000915 -0.011791   \n",
       "\n",
       "                 CPB        DE       HPQ       JCI  ...        NI      PCAR  \\\n",
       "Date                                                ...                       \n",
       "2016-01-05  0.003678  0.005784  0.009483 -0.011953  ...  0.015881  0.000212   \n",
       "2016-01-06 -0.001736 -0.011239 -0.035867 -0.009551  ...  0.005547  0.000212   \n",
       "2016-01-07 -0.012206 -0.008856 -0.046058 -0.025394  ... -0.022066 -0.030310   \n",
       "2016-01-08  0.005707 -0.016403 -0.017642 -0.001649  ... -0.001539 -0.011366   \n",
       "2016-01-11  0.005674  0.005287  0.006616  0.000330  ...  0.016435  0.000000   \n",
       "\n",
       "                 PSA       SEE         T       TGT       TMO       TXT  \\\n",
       "Date                                                                     \n",
       "2016-01-05  0.028237  0.009758  0.006987  0.017539 -0.001730  0.002409   \n",
       "2016-01-06  0.001592 -0.015647  0.003108 -0.010155 -0.007653 -0.030048   \n",
       "2016-01-07 -0.010411 -0.031557 -0.016148 -0.002700 -0.022845 -0.020570   \n",
       "2016-01-08 -0.007308 -0.001448  0.000896 -0.033839 -0.001117 -0.011386   \n",
       "2016-01-11  0.009869 -0.001450  0.012224  0.014570  0.005367 -0.004607   \n",
       "\n",
       "                  VZ      ZION  \n",
       "Date                            \n",
       "2016-01-05  0.013735 -0.010857  \n",
       "2016-01-06 -0.009035 -0.029145  \n",
       "2016-01-07 -0.005492 -0.030019  \n",
       "2016-01-08 -0.009719 -0.011254  \n",
       "2016-01-11  0.005800 -0.019919  \n",
       "\n",
       "[5 rows x 25 columns]"
      ]
     },
     "metadata": {},
     "output_type": "display_data"
    }
   ],
   "source": [
    "# Load the CSV file back into a dataframe\n",
    "# returns_df = pd.read_csv('./data/generated_asset_returns.csv', index_col=0)\n",
    "returns_df = pd.read_csv('./data/portfolio_returns.csv', index_col=0)\n",
    "display(returns_df.head())"
   ]
  },
  {
   "cell_type": "code",
   "execution_count": 3,
   "id": "c11ac4e0",
   "metadata": {},
   "outputs": [
    {
     "name": "stdout",
     "output_type": "stream",
     "text": [
      "[[-0.02025699  0.00405728  0.0040354  ...  0.00240942  0.01373474\n",
      "  -0.01085703]\n",
      " [-0.11486289 -0.01587861  0.0024119  ... -0.03004779 -0.00903456\n",
      "  -0.02914472]\n",
      " [-0.05138894 -0.04192186 -0.0165734  ... -0.02057019 -0.00549238\n",
      "  -0.03001945]\n",
      " ...\n",
      " [-0.00143013  0.01456911  0.00173238 ...  0.00259785  0.00075938\n",
      "   0.00158707]\n",
      " [-0.00071628 -0.01198273  0.00507206 ...  0.00388618 -0.00682872\n",
      "   0.00538746]\n",
      " [-0.03045487 -0.00466462 -0.00848739 ... -0.00412956 -0.0021007\n",
      "  -0.00504343]]\n"
     ]
    }
   ],
   "source": [
    "returns = returns_df.to_numpy()\n",
    "print(returns)"
   ]
  },
  {
   "cell_type": "code",
   "execution_count": 4,
   "id": "684f4fd7",
   "metadata": {},
   "outputs": [],
   "source": [
    "# Calculate moments\n",
    "num_assets = returns.shape[1]\n",
    "mean = np.mean(returns, axis=0)\n",
    "cov = np.cov(returns.T)\n",
    "centered_returns = returns - mean"
   ]
  },
  {
   "cell_type": "code",
   "execution_count": 5,
   "id": "4be46222",
   "metadata": {},
   "outputs": [],
   "source": [
    "co_skewness = np.zeros((num_assets, num_assets, num_assets))\n",
    "for i in range(num_assets):\n",
    "    for j in range(num_assets):\n",
    "        for k in range(num_assets):\n",
    "            co_skewness[i, j, k] = np.mean(centered_returns[:, i] * centered_returns[:, j] * centered_returns[:, k])        "
   ]
  },
  {
   "cell_type": "code",
   "execution_count": 6,
   "id": "cbf7e3da",
   "metadata": {},
   "outputs": [],
   "source": [
    "co_kurtosis = np.zeros((num_assets, num_assets, num_assets, num_assets))\n",
    "for i in range(num_assets):\n",
    "    for j in range(num_assets):\n",
    "        for k in range(num_assets):\n",
    "            for l in range(num_assets):\n",
    "                co_kurtosis[i, j, k, l] = np.mean(centered_returns[:, i] * centered_returns[:, j] * centered_returns[:, k] * centered_returns[:, l])"
   ]
  },
  {
   "cell_type": "code",
   "execution_count": 7,
   "id": "895bc13f",
   "metadata": {},
   "outputs": [
    {
     "name": "stdout",
     "output_type": "stream",
     "text": [
      "Number of assets: 25\n",
      "Mean Vector:\n",
      " [0.00065105 0.00070095 0.00071345 0.00019615 0.00059776 0.00060434\n",
      " 0.00013207 0.00125817 0.00114446 0.00091131 0.00087903 0.00030145\n",
      " 0.00092836 0.00021806 0.00141724 0.00047391 0.00068585 0.00052017\n",
      " 0.00054732 0.00019592 0.00104882 0.00117368 0.00068171 0.00032944\n",
      " 0.0009084 ]\n",
      "\n",
      "Covariance Matrix:\n",
      " [[ 1.68485760e-03  5.36275897e-04  1.30587850e-04  1.18659808e-04\n",
      "   1.93395090e-04  2.62594119e-04 -3.23435390e-06  3.14726159e-04\n",
      "   3.70492069e-04  2.64363304e-04  3.82389465e-04  3.32979837e-04\n",
      "   1.80292540e-04  1.47360274e-04  1.91333111e-04  1.07772923e-04\n",
      "   2.65107429e-04  4.70493817e-05  2.50832907e-04  1.84251934e-04\n",
      "   1.17453290e-04  1.24351787e-04  4.48692933e-04  7.31374012e-05\n",
      "   4.47282758e-04]\n",
      " [ 5.36275897e-04  7.71157910e-04  1.13256467e-04  1.19459851e-04\n",
      "   1.79124983e-04  2.58217453e-04  1.37364285e-05  2.94261552e-04\n",
      "   2.78073606e-04  2.21697488e-04  3.10437606e-04  3.76049783e-04\n",
      "   1.64151873e-04  1.53280386e-04  1.88260456e-04  1.51716454e-04\n",
      "   2.20421151e-04  1.09537012e-04  2.15677855e-04  1.62758528e-04\n",
      "   1.13760470e-04  1.05955551e-04  4.26354418e-04  8.44513908e-05\n",
      "   3.36128636e-04]\n",
      " [ 1.30587850e-04  1.13256467e-04  2.16613743e-04  8.30443367e-05\n",
      "   8.74355524e-05  1.04611955e-04  5.47901239e-05  1.03024072e-04\n",
      "   1.10609213e-04  8.65241883e-05  1.12501245e-04  8.91570156e-05\n",
      "   8.13784048e-05  6.96855387e-05  1.23827241e-04  9.09303954e-05\n",
      "   9.17638661e-05  6.75032547e-05  6.82731235e-05  7.92331152e-05\n",
      "   6.76359304e-05  1.25225026e-04  1.19223058e-04  6.46413601e-05\n",
      "   1.05399580e-04]\n",
      " [ 1.18659808e-04  1.19459851e-04  8.30443367e-05  2.58606244e-04\n",
      "   7.44666225e-05  9.08685856e-05  3.76545798e-05  9.59689296e-05\n",
      "   9.21161693e-05  8.36618084e-05  9.89939053e-05  7.60986355e-05\n",
      "   8.36571374e-05  6.12740552e-05  9.13771262e-05  6.83475559e-05\n",
      "   7.98727941e-05  5.10629497e-05  8.32493550e-05  6.88867073e-05\n",
      "   6.44630732e-05  9.82420839e-05  1.12038999e-04  4.99065554e-05\n",
      "   9.02989261e-05]\n",
      " [ 1.93395090e-04  1.79124983e-04  8.74355524e-05  7.44666225e-05\n",
      "   2.56474067e-04  1.19938925e-04  4.33401633e-05  1.29767528e-04\n",
      "   1.43532208e-04  1.17804866e-04  1.57020668e-04  1.53367527e-04\n",
      "   9.65484356e-05  8.67454629e-05  1.30261398e-04  9.63767217e-05\n",
      "   1.14614722e-04  6.26592719e-05  1.05101361e-04  1.22887653e-04\n",
      "   8.85137076e-05  7.97788058e-05  1.80690433e-04  8.31105332e-05\n",
      "   1.53742869e-04]\n",
      " [ 2.62594119e-04  2.58217453e-04  1.04611955e-04  9.08685856e-05\n",
      "   1.19938925e-04  3.43556682e-04  6.71963299e-05  1.43752089e-04\n",
      "   1.49708389e-04  1.33484033e-04  1.69420851e-04  1.60833800e-04\n",
      "   1.28411835e-04  1.04674086e-04  1.18306767e-04  1.99877868e-04\n",
      "   1.11246983e-04  1.15479353e-04  1.49906117e-04  1.18283299e-04\n",
      "   7.43512965e-05  8.19168390e-05  2.01184749e-04  8.40045524e-05\n",
      "   1.58487782e-04]\n",
      " [-3.23435390e-06  1.37364285e-05  5.47901239e-05  3.76545798e-05\n",
      "   4.33401633e-05  6.71963299e-05  2.65711555e-04  1.97253233e-05\n",
      "   2.59353113e-05  4.58513159e-05  3.56409654e-05  2.35084616e-05\n",
      "   4.28787325e-05  7.48109446e-05  5.19092027e-05  7.09207256e-05\n",
      "   4.35456744e-05  6.71472790e-05  3.32480810e-05  5.90536915e-05\n",
      "   4.99677618e-05  4.48003971e-05  3.37859192e-05  5.92843725e-05\n",
      "   1.29165067e-05]\n",
      " [ 3.14726159e-04  2.94261552e-04  1.03024072e-04  9.59689296e-05\n",
      "   1.29767528e-04  1.43752089e-04  1.97253233e-05  3.75168450e-04\n",
      "   2.12410508e-04  1.70486535e-04  2.13240653e-04  1.99229558e-04\n",
      "   1.18560058e-04  9.61273862e-05  1.38325018e-04  9.23680532e-05\n",
      "   1.90676070e-04  6.84877542e-05  1.62664882e-04  1.21926373e-04\n",
      "   1.08579521e-04  1.06686805e-04  2.63609139e-04  7.43482605e-05\n",
      "   2.26439033e-04]\n",
      " [ 3.70492069e-04  2.78073606e-04  1.10609213e-04  9.21161693e-05\n",
      "   1.43532208e-04  1.49708389e-04  2.59353113e-05  2.12410508e-04\n",
      "   4.70606229e-04  1.73604386e-04  2.13873441e-04  2.02187029e-04\n",
      "   1.26013102e-04  9.48319971e-05  1.72399715e-04  1.01801451e-04\n",
      "   1.69565546e-04  6.66084597e-05  1.79761969e-04  1.18585025e-04\n",
      "   1.09622571e-04  1.12196775e-04  2.49099479e-04  7.27332427e-05\n",
      "   2.25851225e-04]\n",
      " [ 2.64363304e-04  2.21697488e-04  8.65241883e-05  8.36618084e-05\n",
      "   1.17804866e-04  1.33484033e-04  4.58513159e-05  1.70486535e-04\n",
      "   1.73604386e-04  2.88418645e-04  1.82594771e-04  1.79106930e-04\n",
      "   1.15975338e-04  9.56169977e-05  1.14693091e-04  8.64000188e-05\n",
      "   1.58958775e-04  7.38168715e-05  1.44206685e-04  1.08215142e-04\n",
      "   9.34399877e-05  9.82203535e-05  2.27461441e-04  5.92866282e-05\n",
      "   1.89945629e-04]\n",
      " [ 3.82389465e-04  3.10437606e-04  1.12501245e-04  9.89939053e-05\n",
      "   1.57020668e-04  1.69420851e-04  3.56409654e-05  2.13240653e-04\n",
      "   2.13873441e-04  1.82594771e-04  3.38574130e-04  2.41536241e-04\n",
      "   1.42378694e-04  1.07906214e-04  1.48502681e-04  1.02396773e-04\n",
      "   1.90441887e-04  6.71233133e-05  1.77574097e-04  1.38618980e-04\n",
      "   1.04135871e-04  1.01091196e-04  2.96104440e-04  8.05310700e-05\n",
      "   3.33407670e-04]\n",
      " [ 3.32979837e-04  3.76049783e-04  8.91570156e-05  7.60986355e-05\n",
      "   1.53367527e-04  1.60833800e-04  2.35084616e-05  1.99229558e-04\n",
      "   2.02187029e-04  1.79106930e-04  2.41536241e-04  5.18133523e-04\n",
      "   1.14626525e-04  1.14684540e-04  1.23590846e-04  9.78890622e-05\n",
      "   1.63038383e-04  7.07039144e-05  1.50219289e-04  1.30302933e-04\n",
      "   8.89630170e-05  7.34297083e-05  3.09707616e-04  6.51138972e-05\n",
      "   2.78465926e-04]\n",
      " [ 1.80292540e-04  1.64151873e-04  8.13784048e-05  8.36571374e-05\n",
      "   9.65484356e-05  1.28411835e-04  4.28787325e-05  1.18560058e-04\n",
      "   1.26013102e-04  1.15975338e-04  1.42378694e-04  1.14626525e-04\n",
      "   1.70292863e-04  7.29886260e-05  1.23666663e-04  8.92982853e-05\n",
      "   1.10999696e-04  7.42360721e-05  1.03763296e-04  8.07697037e-05\n",
      "   7.54742033e-05  1.02070852e-04  1.38732405e-04  5.63593124e-05\n",
      "   1.26783103e-04]\n",
      " [ 1.47360274e-04  1.53280386e-04  6.96855387e-05  6.12740552e-05\n",
      "   8.67454629e-05  1.04674086e-04  7.48109446e-05  9.61273862e-05\n",
      "   9.48319971e-05  9.56169977e-05  1.07906214e-04  1.14684540e-04\n",
      "   7.29886260e-05  2.28572688e-04  7.77057090e-05  9.36494575e-05\n",
      "   8.94195470e-05  7.06457867e-05  8.71478153e-05  1.00862871e-04\n",
      "   7.18901398e-05  5.78191309e-05  1.34578590e-04  7.53492804e-05\n",
      "   1.06449090e-04]\n",
      " [ 1.91333111e-04  1.88260456e-04  1.23827241e-04  9.13771262e-05\n",
      "   1.30261398e-04  1.18306767e-04  5.19092027e-05  1.38325018e-04\n",
      "   1.72399715e-04  1.14693091e-04  1.48502681e-04  1.23590846e-04\n",
      "   1.23666663e-04  7.77057090e-05  2.83942259e-04  9.10765859e-05\n",
      "   1.27432034e-04  7.93000944e-05  1.03726346e-04  8.24764787e-05\n",
      "   1.07426652e-04  1.51522379e-04  1.62238254e-04  6.35226045e-05\n",
      "   1.06889008e-04]\n",
      " [ 1.07772923e-04  1.51716454e-04  9.09303954e-05  6.83475559e-05\n",
      "   9.63767217e-05  1.99877868e-04  7.09207256e-05  9.23680532e-05\n",
      "   1.01801451e-04  8.64000188e-05  1.02396773e-04  9.78890622e-05\n",
      "   8.92982853e-05  9.36494575e-05  9.10765859e-05  2.43398762e-04\n",
      "   6.27975715e-05  1.13030221e-04  8.82203436e-05  9.85241026e-05\n",
      "   6.70409724e-05  6.79672936e-05  1.33352659e-04  8.39415304e-05\n",
      "   8.99596900e-05]\n",
      " [ 2.65107429e-04  2.20421151e-04  9.17638661e-05  7.98727941e-05\n",
      "   1.14614722e-04  1.11246983e-04  4.35456744e-05  1.90676070e-04\n",
      "   1.69565546e-04  1.58958775e-04  1.90441887e-04  1.63038383e-04\n",
      "   1.10999696e-04  8.94195470e-05  1.27432034e-04  6.27975715e-05\n",
      "   2.72988812e-04  5.46732859e-05  1.38534626e-04  1.04128063e-04\n",
      "   9.30315882e-05  9.91387731e-05  2.22921812e-04  6.01096925e-05\n",
      "   2.03339845e-04]\n",
      " [ 4.70493817e-05  1.09537012e-04  6.75032547e-05  5.10629497e-05\n",
      "   6.26592719e-05  1.15479353e-04  6.71472790e-05  6.84877542e-05\n",
      "   6.66084597e-05  7.38168715e-05  6.71233133e-05  7.07039144e-05\n",
      "   7.42360721e-05  7.06457867e-05  7.93000944e-05  1.13030221e-04\n",
      "   5.46732859e-05  2.04496197e-04  7.40078489e-05  6.41271746e-05\n",
      "   5.25438149e-05  5.79163741e-05  9.87038533e-05  5.39106822e-05\n",
      "   4.52105383e-05]\n",
      " [ 2.50832907e-04  2.15677855e-04  6.82731235e-05  8.32493550e-05\n",
      "   1.05101361e-04  1.49906117e-04  3.32480810e-05  1.62664882e-04\n",
      "   1.79761969e-04  1.44206685e-04  1.77574097e-04  1.50219289e-04\n",
      "   1.03763296e-04  8.71478153e-05  1.03726346e-04  8.82203436e-05\n",
      "   1.38534626e-04  7.40078489e-05  3.89264862e-04  8.96212107e-05\n",
      "   7.07006374e-05  6.90306841e-05  2.06651158e-04  6.81074465e-05\n",
      "   1.79474458e-04]\n",
      " [ 1.84251934e-04  1.62758528e-04  7.92331152e-05  6.88867073e-05\n",
      "   1.22887653e-04  1.18283299e-04  5.90536915e-05  1.21926373e-04\n",
      "   1.18585025e-04  1.08215142e-04  1.38618980e-04  1.30302933e-04\n",
      "   8.07697037e-05  1.00862871e-04  8.24764787e-05  9.85241026e-05\n",
      "   1.04128063e-04  6.41271746e-05  8.96212107e-05  1.99607892e-04\n",
      "   7.56817765e-05  6.49177636e-05  1.60645099e-04  1.07603226e-04\n",
      "   1.45985971e-04]\n",
      " [ 1.17453290e-04  1.13760470e-04  6.76359304e-05  6.44630732e-05\n",
      "   8.85137076e-05  7.43512965e-05  4.99677618e-05  1.08579521e-04\n",
      "   1.09622571e-04  9.34399877e-05  1.04135871e-04  8.89630170e-05\n",
      "   7.54742033e-05  7.18901398e-05  1.07426652e-04  6.70409724e-05\n",
      "   9.30315882e-05  5.25438149e-05  7.07006374e-05  7.56817765e-05\n",
      "   3.50330846e-04  8.59038437e-05  1.22691033e-04  6.51295917e-05\n",
      "   1.03328787e-04]\n",
      " [ 1.24351787e-04  1.05955551e-04  1.25225026e-04  9.82420839e-05\n",
      "   7.97788058e-05  8.19168390e-05  4.48003971e-05  1.06686805e-04\n",
      "   1.12196775e-04  9.82203535e-05  1.01091196e-04  7.34297083e-05\n",
      "   1.02070852e-04  5.78191309e-05  1.51522379e-04  6.79672936e-05\n",
      "   9.91387731e-05  5.79163741e-05  6.90306841e-05  6.49177636e-05\n",
      "   8.59038437e-05  2.45017643e-04  1.05843053e-04  5.33519457e-05\n",
      "   7.39561815e-05]\n",
      " [ 4.48692933e-04  4.26354418e-04  1.19223058e-04  1.12038999e-04\n",
      "   1.80690433e-04  2.01184749e-04  3.37859192e-05  2.63609139e-04\n",
      "   2.49099479e-04  2.27461441e-04  2.96104440e-04  3.09707616e-04\n",
      "   1.38732405e-04  1.34578590e-04  1.62238254e-04  1.33352659e-04\n",
      "   2.22921812e-04  9.87038533e-05  2.06651158e-04  1.60645099e-04\n",
      "   1.22691033e-04  1.05843053e-04  5.25003371e-04  8.65646420e-05\n",
      "   3.35176127e-04]\n",
      " [ 7.31374012e-05  8.44513908e-05  6.46413601e-05  4.99065554e-05\n",
      "   8.31105332e-05  8.40045524e-05  5.92843725e-05  7.43482605e-05\n",
      "   7.27332427e-05  5.92866282e-05  8.05310700e-05  6.51138972e-05\n",
      "   5.63593124e-05  7.53492804e-05  6.35226045e-05  8.39415304e-05\n",
      "   6.01096925e-05  5.39106822e-05  6.81074465e-05  1.07603226e-04\n",
      "   6.51295917e-05  5.33519457e-05  8.65646420e-05  1.33361279e-04\n",
      "   8.03325133e-05]\n",
      " [ 4.47282758e-04  3.36128636e-04  1.05399580e-04  9.02989261e-05\n",
      "   1.53742869e-04  1.58487782e-04  1.29165067e-05  2.26439033e-04\n",
      "   2.25851225e-04  1.89945629e-04  3.33407670e-04  2.78465926e-04\n",
      "   1.26783103e-04  1.06449090e-04  1.06889008e-04  8.99596900e-05\n",
      "   2.03339845e-04  4.52105383e-05  1.79474458e-04  1.45985971e-04\n",
      "   1.03328787e-04  7.39561815e-05  3.35176127e-04  8.03325133e-05\n",
      "   5.08959087e-04]]\n",
      "\n",
      "Co-skewness matrix shape: (25, 25, 25)\n",
      "Co-kurtosis matrix shape: (25, 25, 25, 25)\n"
     ]
    }
   ],
   "source": [
    "print(\"Number of assets:\", returns.shape[1])\n",
    "print(\"Mean Vector:\\n\", mean)\n",
    "print(\"\\nCovariance Matrix:\\n\", cov)\n",
    "\n",
    "# Note: Printing the full co-skewness and co-kurtosis matrices would be very large,\n",
    "# so we'll just show their shape to demonstrate they've been created.\n",
    "print(\"\\nCo-skewness matrix shape:\", co_skewness.shape)\n",
    "print(\"Co-kurtosis matrix shape:\", co_kurtosis.shape)"
   ]
  },
  {
   "cell_type": "code",
   "execution_count": 8,
   "id": "d71153db",
   "metadata": {},
   "outputs": [],
   "source": [
    "def objective_function(weights, mean, cov, co_skewness, co_kurtosis, A, B, C):\n",
    "    \"\"\"\n",
    "    Calculates a portfolio objective function with higher order moments.\n",
    "    \"\"\"\n",
    "    mean_term = weights.T @ mean\n",
    "    # variance_term = weights.T @ cov @ weights\n",
    "    variance_term = np.dot(weights.flatten(), cov @ weights.flatten())\n",
    "    # skewness_term = weights.T @ co_skewness @ (weights * weights)\n",
    "    skewness_term = np.einsum('i,j,k,ijk->', weights.flatten(), weights.flatten(), weights.flatten(), co_skewness)\n",
    "    # kurtosis_term = weights.T @ co_kurtosis @ (weights * weights * weights)\n",
    "    kurtosis_term = np.einsum('i,j,k,l,ijkl->', weights.flatten(), weights.flatten(), weights.flatten(), weights.flatten(), co_kurtosis)\n",
    "\n",
    "\n",
    "    return (-mean_term + A / 2 * variance_term - B / 6 * skewness_term + C / 24 * kurtosis_term)"
   ]
  },
  {
   "cell_type": "code",
   "execution_count": 9,
   "id": "234424c4",
   "metadata": {},
   "outputs": [
    {
     "name": "stdout",
     "output_type": "stream",
     "text": [
      "[0.04 0.04 0.04 0.04 0.04 0.04 0.04 0.04 0.04 0.04 0.04 0.04 0.04 0.04\n",
      " 0.04 0.04 0.04 0.04 0.04 0.04 0.04 0.04 0.04 0.04 0.04]\n"
     ]
    }
   ],
   "source": [
    "initial_weights = np.ones(num_assets) / num_assets\n",
    "print(initial_weights)"
   ]
  },
  {
   "cell_type": "code",
   "execution_count": 10,
   "id": "f2a399b9",
   "metadata": {},
   "outputs": [],
   "source": [
    "A = 2\n",
    "B = -1\n",
    "C = -1"
   ]
  },
  {
   "cell_type": "code",
   "execution_count": 11,
   "id": "24c16439",
   "metadata": {},
   "outputs": [
    {
     "name": "stdout",
     "output_type": "stream",
     "text": [
      "The calculated objective function value is: -0.000552\n"
     ]
    }
   ],
   "source": [
    "# Call the objective function\n",
    "result = objective_function(initial_weights, mean, cov, co_skewness, co_kurtosis, A, B, C)\n",
    "\n",
    "print(f\"The calculated objective function value is: {result:.6f}\")"
   ]
  },
  {
   "cell_type": "code",
   "execution_count": 12,
   "id": "71d3410d",
   "metadata": {},
   "outputs": [],
   "source": [
    "objective_args = (mean, cov, co_skewness, co_kurtosis, A, B, C)\n",
    "constraints = ({'type': 'eq', 'fun': lambda weights: np.sum(weights) - 1})\n",
    "bounds = tuple((0, 1) for _ in range(num_assets))"
   ]
  },
  {
   "cell_type": "code",
   "execution_count": 13,
   "id": "d32a2781",
   "metadata": {},
   "outputs": [],
   "source": [
    "result = minimize(\n",
    "    objective_function,\n",
    "    initial_weights,\n",
    "    args = objective_args,\n",
    "    method = 'SLSQP',\n",
    "    bounds = bounds,\n",
    "    constraints = constraints    \n",
    ")"
   ]
  },
  {
   "cell_type": "code",
   "execution_count": 14,
   "id": "14f16e75",
   "metadata": {},
   "outputs": [
    {
     "name": "stdout",
     "output_type": "stream",
     "text": [
      "Optimization successful!\n",
      "\n",
      "Optimal Weights:\n",
      "Asset 0: 0.0000\n",
      "Asset 1: 0.0000\n",
      "Asset 2: 0.0000\n",
      "Asset 3: 0.0000\n",
      "Asset 4: 0.0000\n",
      "Asset 5: 0.0000\n",
      "Asset 6: 0.0000\n",
      "Asset 7: 0.1788\n",
      "Asset 8: 0.1114\n",
      "Asset 9: 0.0354\n",
      "Asset 10: 0.0000\n",
      "Asset 11: 0.0000\n",
      "Asset 12: 0.0711\n",
      "Asset 13: 0.0000\n",
      "Asset 14: 0.2814\n",
      "Asset 15: 0.0000\n",
      "Asset 16: 0.0000\n",
      "Asset 17: 0.0000\n",
      "Asset 18: 0.0000\n",
      "Asset 19: 0.0000\n",
      "Asset 20: 0.1308\n",
      "Asset 21: 0.1912\n",
      "Asset 22: 0.0000\n",
      "Asset 23: 0.0000\n",
      "Asset 24: 0.0000\n",
      "\n",
      "Minimum objective function value: -0.001050\n"
     ]
    }
   ],
   "source": [
    "# Print the results\n",
    "if result.success:\n",
    "    optimal_weights = result.x.reshape(-1, 1)\n",
    "    optimal_value = result.fun\n",
    "    print(f\"Optimization successful!\")\n",
    "    print(\"\\nOptimal Weights:\")\n",
    "    for i in range(num_assets):\n",
    "        print(f\"Asset {i}: {optimal_weights[i][0]:.4f}\")\n",
    "    print(f\"\\nMinimum objective function value: {optimal_value:.6f}\")\n",
    "else:\n",
    "    print(\"Optimization failed.\")\n",
    "    print(result.message)"
   ]
  },
  {
   "cell_type": "code",
   "execution_count": 15,
   "id": "f8b2b579",
   "metadata": {},
   "outputs": [
    {
     "name": "stdout",
     "output_type": "stream",
     "text": [
      "Mean term: 0.00121\n",
      "Variance term: 0.00016\n",
      "Skewness term: 0.00000\n",
      "Kurtosis term: -0.00000\n"
     ]
    }
   ],
   "source": [
    "weights = optimal_weights\n",
    "\n",
    "print(f\"Mean term: {(weights.T @ mean).item():.5f}\")\n",
    "print(f\"Variance term: {(A / 2 * weights.T @ cov @ weights).item():.5f}\")\n",
    "print(f\"Skewness term: {B / 6 * np.einsum('i,j,k,ijk->', weights.flatten(), weights.flatten(), weights.flatten(), co_skewness):.5f}\")\n",
    "print(f\"Kurtosis term: {C / 24 * np.einsum('i,j,k,l,ijkl->', weights.flatten(), weights.flatten(), weights.flatten(), weights.flatten(), co_kurtosis):.5f}\")"
   ]
  },
  {
   "cell_type": "code",
   "execution_count": null,
   "id": "d47ee3f2",
   "metadata": {},
   "outputs": [],
   "source": [
    "def generate_skewed_fat_tailed_returns(num_assets, num_periods, mean_vector, cov_matrix, degrees_of_freedom=4, skewness_factor=0.3):\n",
    "    \"\"\"\n",
    "    Generates a returns array with skewed and fat-tailed characteristics.\n",
    "\n",
    "    Args:\n",
    "        num_assets (int): The number of assets.\n",
    "        num_periods (int): The number of time periods (e.g., trading days).\n",
    "        mean_vector (np.ndarray): The mean returns vector (1 x num_assets).\n",
    "        cov_matrix (np.ndarray): The covariance matrix (num_assets x num_assets).\n",
    "        degrees_of_freedom (int): Degrees of freedom for the t-distribution.\n",
    "                                  Lower values produce fatter tails.\n",
    "        skewness_factor (float): Factor to introduce negative skewness.\n",
    "                                 Higher values mean more skewness.\n",
    "\n",
    "    Returns:\n",
    "        np.ndarray: A num_periods x num_assets array of synthetic returns.\n",
    "    \"\"\"\n",
    "    # 1. Generate data with fat tails using a multivariate t-distribution approach.\n",
    "    # We simulate from a standard normal distribution...\n",
    "    standard_normal_data = np.random.multivariate_normal(\n",
    "        np.zeros(num_assets),\n",
    "        cov_matrix,\n",
    "        size=num_periods\n",
    "    )\n",
    "\n",
    "    # ...and then scale it by a random variable from a chi-squared distribution.\n",
    "    # This process, when the mean is added, creates a multivariate t-distribution,\n",
    "    # which has fatter tails than a normal distribution.\n",
    "    chi_squared_rv = np.random.chisquare(degrees_of_freedom, size=num_periods)\n",
    "    fat_tailed_data = standard_normal_data * np.sqrt(degrees_of_freedom / chi_squared_rv)[:, np.newaxis]\n",
    "\n",
    "    # 2. Add skewness by introducing a \"bad day\" scenario.\n",
    "    # A simple way to do this is to add a large negative shock with a small probability.\n",
    "    is_bad_day = np.random.rand(num_periods, 1) < skewness_factor\n",
    "    skew_shock = np.random.uniform(low=-0.05, high=0, size=(num_periods, num_assets)) * is_bad_day\n",
    "    \n",
    "    # 3. Add the mean and combine the terms.\n",
    "    # The final returns are the fat-tailed data plus the mean and the skewness shock.\n",
    "    returns = fat_tailed_data + mean_vector + skew_shock\n",
    "\n",
    "    return returns"
   ]
  },
  {
   "cell_type": "code",
   "execution_count": null,
   "id": "c988b842",
   "metadata": {},
   "outputs": [],
   "source": [
    "# Define the number of assets and periods\n",
    "num_assets = 10\n",
    "num_periods = 252\n",
    "\n",
    "# Create a sample mean vector and covariance matrix\n",
    "# Mean returns for each of the 10 assets (annualized).\n",
    "sample_mean = np.array([0.08, 0.12, 0.05, 0.10, 0.07, 0.09, 0.11, 0.06, 0.15, 0.08])\n",
    "# The covariance matrix can be more complex, but we'll create a simple one here.\n",
    "# A simple way is to start with a correlation matrix and then scale by standard deviations.\n",
    "# Let's create a diagonal matrix for simplicity (assuming zero correlation).\n",
    "sample_cov = np.diag(np.ones(num_assets) * 0.02**2) # assuming 20% annualized volatility\n",
    "\n",
    "# Let's set a slightly more realistic covariance matrix with some correlation\n",
    "np.random.seed(42)\n",
    "asset_vols = np.random.uniform(0.15, 0.35, num_assets)\n",
    "correlation_matrix = np.eye(num_assets) * 0.5 + 0.5 # A simple way to create a correlation matrix.\n",
    "correlation_matrix = (correlation_matrix + correlation_matrix.T) / 2\n",
    "np.fill_diagonal(correlation_matrix, 1)\n",
    "sample_cov = np.outer(asset_vols, asset_vols) * correlation_matrix\n",
    "\n",
    "# Generate the returns\n",
    "generated_returns = generate_skewed_fat_tailed_returns(\n",
    "    num_assets=num_assets,\n",
    "    num_periods=num_periods,\n",
    "    mean_vector=sample_mean,\n",
    "    cov_matrix=sample_cov\n",
    ")\n",
    "\n",
    "# Print the shape and the first 5 rows of the generated returns\n",
    "print(f\"Generated returns array shape: {generated_returns.shape}\\n\")\n",
    "print(\"First 5 rows of the generated returns:\")\n",
    "print(generated_returns[:5, :])\n",
    "\n",
    "# Save the generated returns to a CSV file with a date index\n",
    "output_filename = 'generated_asset_returns.csv'\n",
    "\n",
    "# Create a pandas DataFrame from the NumPy array\n",
    "column_names = [f'Asset_{i+1}' for i in range(num_assets)]\n",
    "dates = pd.date_range(start='2024-01-01', periods=num_periods, freq='B') # 'B' for business days\n",
    "df = pd.DataFrame(generated_returns, index=dates, columns=column_names)\n",
    "\n",
    "# Save the DataFrame to a CSV file\n",
    "df.to_csv(output_filename, index=True)\n",
    "print(f\"\\nSuccessfully saved the data to '{output_filename}' with a date index.\")"
   ]
  }
 ],
 "metadata": {
  "kernelspec": {
   "display_name": "venv",
   "language": "python",
   "name": "python3"
  },
  "language_info": {
   "codemirror_mode": {
    "name": "ipython",
    "version": 3
   },
   "file_extension": ".py",
   "mimetype": "text/x-python",
   "name": "python",
   "nbconvert_exporter": "python",
   "pygments_lexer": "ipython3",
   "version": "3.13.2"
  }
 },
 "nbformat": 4,
 "nbformat_minor": 5
}
